00087810
00070102
00014649
00088858
00047996
00049575
00089192
00092611
00040681
00080978
00030920
00047321
00068119
00018585
00071914
00045712
00071357
00011839
00087385
00096021
00029168
00034768
00089337
00029573
00043757
00096241
00011762
00054304
00044882
00094260
00077059
00039088
00047107
00092485
00061476
00071471
00017739
00043086
00072852
00011425
00043390
00048502
00087829
00044932
00059073
00026577
00046811
00015291
00063109
00032579
00068236
00056721
00029530
00022720
00060828
00054152
00066221
00078466
00020883
